1467,5
1467,4
1467,3
1467,2
1467,1
1467,0
1454,10
1454,9
1454,8
1454,7
1454,6
1454,5
1454,4
1454,3
1454,2
1454,1
1454,0
1392,5
1392,4
1392,3
1392,2
1392,1
1392,0
529,4
529,3
529,2
529,1
528,4
528,3
528,2
528,1
525,4
525,3
525,1
524,4
524,3
524,1
516,3
516,2
516,1
515,3
515,2
515,1
514,5
514,4
514,3
514,2
514,1
511,4
511,3
511,1
509,4
509,3
509,1
507,4
507,3
507,1
500,4
500,3
500,1
497,3
497,2
497,1
472,9
472,7
472,6
472,3
472,1
467,4
467,3
467,1
449,3
449,1
448,3
448,1
446,3
446,1
442,4
442,3
442,1
441,4
441,3
441,1
422,3
422,1
20,3
20,2
20,1
19,3
19,2
19,1
14,19
14,14
12,3
12,2
12,1
11,3
11,2
11,1
10,3
10,2
10,1
9,3
9,2
9,1
8,3
8,2
8,1
3,3
3,2
3,1
0,361
0,333
0,273
0,270
